[[93824992462727,93824992522227,93824992522364,93824992517906,93824992522479,93824992522534,93824992521158,93824992521171,93824992521179,93824992521225,93824992521245,93824992521273,93824993270189,93824992521352,93824992521354,93824992521373,93824992521401,93824992521414,93824992521417,93824992521456,93824992521476,93824992521482,93824992521564,93824992462709,93824992462644,93824992462694,93824992462764,93824992462816,93824992464552,93824992521540,93824992521542,93824992521554,93824992462518,93824992462556,93824992462593,93824992462718,93824992462738,93824992464348,93824992462483,93824992464368,93824992464631,93824992464724,93824992464833,93824992521566],[93824992462727,93824992522227,93824992522364,93824992517906,93824992522479,93824992522534,93824992521158,93824992521171,93824992521179,93824992521225,93824992521245,93824992521273,93824993270189,93824992521352,93824992521354,93824992521373,93824992521401,93824992521414,93824992521417,93824992521456,93824992521476,93824992521482,93824992521564,93824992462593,93824992462709,93824992462644,93824992462694,93824992462718,93824992462764,93824992462816,93824992464552,93824992521540,93824992521542,93824992521554,93824992462518,93824992462556,93824992462738,93824992464348,93824992462483,93824992464368,93824992464631,93824992464724,93824992464833,93824992521566],[93824992462727,93824992522227,93824992522364,93824992517906,93824992522479,93824992522534,93824992521158,93824992521171,93824992521179,93824992521225,93824992521245,93824992521273,93824993270189,93824992521352,93824992521354,93824992521373,93824992521401,93824992521414,93824992521417,93824992521456,93824992521476,93824992521482,93824992521564,93824992462709,93824992462644,93824992462694,93824992462764,93824992462816,93824992464552,93824992521540,93824992521542,93824992521554,93824992462518,93824992462556,93824992462593,93824992462718,93824992462738,93824992464348,93824992462483,93824992464368,93824992464631,93824992464724,93824992464833,93824992521566],[93824992462727,93824992522227,93824992522364,93824992517906,93824992522479,93824992522534,93824992521158,93824992521171,93824992521179,93824992521225,93824992521245,93824992521273,93824993270189,93824992521352,93824992521354,93824992521373,93824992521401,93824992521414,93824992521417,93824992521456,93824992521476,93824992521482,93824992521564,93824992462593,93824992462709,93824992462644,93824992462694,93824992462718,93824992462764,93824992462816,93824992464552,93824992521540,93824992521542,93824992521554,93824992462518,93824992462556,93824992462738,93824992464348,93824992462483,93824992464368,93824992464631,93824992464724,93824992464833,93824992521566],[93824992462727,93824992522227,93824992522364,93824992517906,93824992522479,93824992522534,93824992521158,93824992521171,93824992521179,93824992521225,93824992521245,93824992521273,93824993270189,93824992521352,93824992521354,93824992521373,93824992521401,93824992521414,93824992521417,93824992521456,93824992521476,93824992521482,93824992521564,93824992462593,93824992462709,93824992462644,93824992462694,93824992462718,93824992462764,93824992462816,93824992464552,93824992521540,93824992521542,93824992521554,93824992462518,93824992462556,93824992462738,93824992464348,93824992462483,93824992464368,93824992464631,93824992464724,93824992464833,93824992521566],[93824992462727,93824992522227,93824992522364,93824992517906,93824992522479,93824992522534,93824992521158,93824992521171,93824992521179,93824992521225,93824992521245,93824992521273,93824993270189,93824992521352,93824992521354,93824992521373,93824992521401,93824992521414,93824992521417,93824992521456,93824992521476,93824992521482,93824992521564,93824992462709,93824992462644,93824992462694,93824992462764,93824992462816,93824992464552,93824992521540,93824992521542,93824992521554,93824992462556,93824992462593,93824992462718,93824992464348,93824992462483,93824992462518,93824992462738,93824992464368,93824992464631,93824992464724,93824992464833,93824992521566],[93824992462727,93824992522227,93824992522364,93824992522479,93824992522534,93824992521158,93824992521171,93824992521179,93824992521225,93824992521245,93824992521273,93824993270189,93824992521352,93824992521354,93824992521373,93824992521401,93824992521414,93824992521417,93824992521456,93824992521476,93824992521482,93824992521564,93824992462709,93824992462644,93824992462694,93824992462764,93824992462816,93824992464552,93824992521540,93824992521542,93824992521554,93824992462556,93824992462593,93824992462718,93824992464348,93824992462483,93824992462518,93824992462738,93824992464368,93824992464631,93824992464724,93824992464833,93824992521566],[93824992462727,93824992522227,93824992522364,93824992517906,93824992522479,93824992522534,93824992521158,93824992521171,93824992521179,93824992521225,93824992521245,93824992521273,93824993270189,93824992521352,93824992521354,93824992521373,93824992521401,93824992521414,93824992521417,93824992521456,93824992521476,93824992521482,93824992521564,93824992462764,93824992464368,93824992464552,93824992521540,93824992521542,93824992521554,93824992462709,93824992462644,93824992462694,93824992462816,93824992464348,93824992462483,93824992462593,93824992462718,93824992464631,93824992464724,93824992464833,93824992521566],[93824992462727,93824992522227,93824992522364,93824992517906,93824992522479,93824992522534,93824992521158,93824992521171,93824992521179,93824992521225,93824992521245,93824992521273,93824993270189,93824992521352,93824992521354,93824992521373,93824992521401,93824992521414,93824992521417,93824992521456,93824992521476,93824992521482,93824992521564,93824992462764,93824992464368,93824992464552,93824992521540,93824992521542,93824992521554,93824992462709,93824992462644,93824992462694,93824992462816,93824992464348,93824992462483,93824992462593,93824992462718,93824992464631,93824992464724,93824992464833,93824992521566],[93824992462727,93824992522227,93824992522364,93824992517906,93824992522479,93824992522534,93824992521158,93824992521171,93824992521179,93824992521225,93824992521245,93824992521273,93824993270189,93824992521352,93824992521354,93824992521373,93824992521401,93824992521414,93824992521417,93824992521456,93824992521476,93824992521482,93824992521564,93824992462709,93824992462644,93824992462694,93824992462764,93824992462816,93824992464552,93824992521540,93824992521542,93824992521554,93824992464348,93824992462483,93824992462593,93824992462718,93824992464368,93824992464631,93824992464724,93824992464833,93824992521566],[93824992462727,93824992462764,93824992464552,93824992522227,93824992522364,93824992517906,93824992522479,93824992522534,93824992521158,93824992521171,93824992521179,93824992521225,93824992521245,93824992521273,93824993270189,93824992521352,93824992521354,93824992521373,93824992521401,93824992521414,93824992521417,93824992521456,93824992521476,93824992521482,93824992521564,93824992462709,93824992462644,93824992462694,93824992462816,93824992464833,93824992521540,93824992521542,93824992521554,93824992464348,93824992462483,93824992462593,93824992462718,93824992464368,93824992464631,93824992464724,93824992521566],[93824992462727,93824992522227,93824992522364,93824992517906,93824992522479,93824992522534,93824992521158,93824992521171,93824992521179,93824992521225,93824992521245,93824992521273,93824993270189,93824992521352,93824992521354,93824992521373,93824992521401,93824992521414,93824992521417,93824992521456,93824992521476,93824992521482,93824992521564,93824992462764,93824992464368,93824992464552,93824992521540,93824992521542,93824992521554,93824992462518,93824992462556,93824992462593,93824992462709,93824992462644,93824992462694,93824992462718,93824992462738,93824992462816,93824992464348,93824992462483,93824992464631,93824992464724,93824992464833,93824992521566],[93824992462727,93824992522227,93824992522364,93824992517906,93824992522479,93824992522534,93824992521158,93824992521171,93824992521179,93824992521225,93824992521245,93824992521273,93824993270189,93824992521352,93824992521354,93824992521373,93824992521401,93824992521414,93824992521417,93824992521456,93824992521476,93824992521482,93824992521564,93824992462709,93824992462644,93824992462694,93824992462764,93824992462816,93824992464552,93824992521540,93824992521542,93824992521554,93824992462556,93824992462593,93824992462718,93824992464348,93824992462483,93824992462518,93824992462738,93824992464368,93824992464631,93824992464724,93824992464833,93824992521566],[93824992462727,93824992522227,93824992522364,93824992517906,93824992522479,93824992522534,93824992521158,93824992521171,93824992521179,93824992521225,93824992521245,93824992521273,93824993270189,93824992521352,93824992521354,93824992521373,93824992521401,93824992521414,93824992521417,93824992521456,93824992521476,93824992521482,93824992521564,93824992462709,93824992462644,93824992462694,93824992462764,93824992462816,93824992464552,93824992521540,93824992521542,93824992521554,93824992462556,93824992462593,93824992462718,93824992464348,93824992462483,93824992462518,93824992462738,93824992464368,93824992464631,93824992464724,93824992464833,93824992521566],[93824992462727,93824992522227,93824992522364,93824992517906,93824992522479,93824992522534,93824992521158,93824992521171,93824992521179,93824992521225,93824992521245,93824992521273,93824993270189,93824992521352,93824992521354,93824992521373,93824992521401,93824992521414,93824992521417,93824992521456,93824992521476,93824992521482,93824992521564,93824992462709,93824992462644,93824992462694,93824992462764,93824992462816,93824992464552,93824992521540,93824992521542,93824992521554,93824992462518,93824992462556,93824992462593,93824992462718,93824992462738,93824992464348,93824992462483,93824992464368,93824992464631,93824992464724,93824992464833,93824992521566],[93824992462727,93824992522227,93824992522364,93824992517906,93824992522479,93824992522534,93824992521158,93824992521171,93824992521179,93824992521225,93824992521245,93824992521273,93824993270189,93824992521352,93824992521354,93824992521373,93824992521401,93824992521414,93824992521417,93824992521456,93824992521476,93824992521482,93824992521564,93824992462709,93824992462644,93824992462694,93824992462764,93824992462816,93824992464552,93824992521540,93824992521542,93824992521554,93824992462556,93824992462593,93824992462718,93824992464348,93824992462483,93824992462518,93824992462738,93824992464368,93824992464631,93824992464724,93824992464833,93824992521566],[93824992462727,93824992522227,93824992522364,93824992517906,93824992522479,93824992522534,93824992521158,93824992521171,93824992521179,93824992521225,93824992521245,93824992521273,93824993270189,93824992521352,93824992521354,93824992521373,93824992521401,93824992521414,93824992521417,93824992521456,93824992521476,93824992521482,93824992521564,93824992462709,93824992462644,93824992462694,93824992462764,93824992462816,93824992464552,93824992521540,93824992521542,93824992521554,93824992462518,93824992462556,93824992462593,93824992462718,93824992462738,93824992464348,93824992462483,93824992464368,93824992464631,93824992464724,93824992464833,93824992521566],[93824992462727,93824992522227,93824992522364,93824992517906,93824992522479,93824992522534,93824992521158,93824992521171,93824992521179,93824992521225,93824992521245,93824992521273,93824993270189,93824992521352,93824992521354,93824992521373,93824992521401,93824992521414,93824992521417,93824992521456,93824992521476,93824992521482,93824992521564,93824992462764,93824992464368,93824992464552,93824992521540,93824992521542,93824992521554,93824992462518,93824992462556,93824992462593,93824992462709,93824992462644,93824992462694,93824992462718,93824992462738,93824992462816,93824992464348,93824992462483,93824992464631,93824992464724,93824992464833,93824992521566],[93824992462727,93824992522227,93824992522364,93824992517906,93824992522479,93824992522534,93824992521158,93824992521171,93824992521179,93824992521225,93824992521245,93824992521273,93824993270189,93824992521352,93824992521354,93824992521373,93824992521401,93824992521414,93824992521417,93824992521456,93824992521476,93824992521482,93824992521564,93824992462556,93824992462593,93824992462709,93824992462644,93824992462694,93824992462718,93824992462764,93824992462816,93824992464552,93824992521540,93824992521542,93824992521554,93824992462518,93824992462738,93824992464348,93824992462483,93824992464368,93824992464631,93824992464724,93824992464833,93824992521566],[93824992462727,93824992522479,93824992522227,93824992522364,93824992517906,93824992522534,93824992521158,93824992521171,93824992521179,93824992521225,93824992521245,93824992521273,93824993270189,93824992521352,93824992521354,93824992521373,93824992521401,93824992521414,93824992521417,93824992521456,93824992521476,93824992521482,93824992521564,93824992462709,93824992462644,93824992462694,93824992462764,93824992462816,93824992464552,93824992521540,93824992521542,93824992521554,93824992462518,93824992462556,93824992462593,93824992462718,93824992462738,93824992464348,93824992462483,93824992464368,93824992464631,93824992464724,93824992464833,93824992521566],[93824992462727,93824992522227,93824992522364,93824992517906,93824992522479,93824992522534,93824992521158,93824992521171,93824992521179,93824992521225,93824992521245,93824992521273,93824993270189,93824992521352,93824992521354,93824992521373,93824992521401,93824992521414,93824992521417,93824992521456,93824992521476,93824992521482,93824992521564,93824992462709,93824992462644,93824992462694,93824992462764,93824992462816,93824992464552,93824992521540,93824992521542,93824992521554,93824992462518,93824992462556,93824992462593,93824992462718,93824992462738,93824992464348,93824992462483,93824992464368,93824992464631,93824992464724,93824992464833,93824992521566],[93824992462727,93824992522227,93824992522364,93824992517906,93824992522479,93824992522534,93824992521158,93824992521171,93824992521179,93824992521225,93824992521245,93824992521273,93824993270189,93824992521352,93824992521354,93824992521373,93824992521401,93824992521414,93824992521417,93824992521456,93824992521476,93824992521482,93824992521564,93824992462709,93824992462644,93824992462694,93824992462764,93824992462816,93824992464552,93824992521540,93824992521542,93824992521554,93824992462556,93824992462593,93824992462718,93824992464348,93824992462483,93824992462518,93824992462738,93824992464368,93824992464631,93824992464724,93824992464833,93824992521566],[93824992462727,93824992522227,93824992522364,93824992517906,93824992522479,93824992522534,93824992521158,93824992521171,93824992521179,93824992521225,93824992521245,93824992521273,93824993270189,93824992521352,93824992521354,93824992521373,93824992521401,93824992521414,93824992521417,93824992521456,93824992521476,93824992521482,93824992521564,93824992462709,93824992462644,93824992462694,93824992462764,93824992462816,93824992464552,93824992521540,93824992521542,93824992521554,93824992462556,93824992462593,93824992462718,93824992464348,93824992462483,93824992462518,93824992462738,93824992464368,93824992464631,93824992464724,93824992464833,93824992521566],[93824992462727,93824992522227,93824992522364,93824992517906,93824992522479,93824992522534,93824992521158,93824992521171,93824992521179,93824992521225,93824992521245,93824992521273,93824993270189,93824992521352,93824992521354,93824992521373,93824992521401,93824992521414,93824992521417,93824992521456,93824992521476,93824992521482,93824992521564,93824992462709,93824992462644,93824992462694,93824992462764,93824992462816,93824992464552,93824992521540,93824992521542,93824992521554,93824992462518,93824992462556,93824992462593,93824992462718,93824992462738,93824992464348,93824992462483,93824992464368,93824992464631,93824992464724,93824992464833,93824992521566],[93824992462727,93824992522227,93824992522364,93824992517906,93824992522479,93824992522534,93824992521158,93824992521171,93824992521179,93824992521225,93824992521245,93824992521273,93824993270189,93824992521352,93824992521354,93824992521373,93824992521401,93824992521414,93824992521417,93824992521456,93824992521476,93824992521482,93824992521564,93824992462556,93824992462593,93824992462709,93824992462644,93824992462694,93824992462718,93824992462764,93824992462816,93824992464552,93824992521540,93824992521542,93824992521554,93824992462518,93824992462738,93824992464348,93824992462483,93824992464368,93824992464631,93824992464724,93824992464833,93824992521566],[93824992462727,93824992522479,93824993270189,93824992522227,93824992522364,93824992517906,93824992522534,93824992521158,93824992521171,93824992521179,93824992521225,93824992521245,93824992521273,93824992521352,93824992521354,93824992521373,93824992521401,93824992521414,93824992521417,93824992521456,93824992521476,93824992521482,93824992521564,93824992462764,93824992464368,93824992464552,93824992521540,93824992521542,93824992521554,93824992462518,93824992462556,93824992462593,93824992462709,93824992462644,93824992462694,93824992462718,93824992462738,93824992462816,93824992464348,93824992462483,93824992464631,93824992464724,93824992464833,93824992521566],[93824992462727,93824992522227,93824992522364,93824992517906,93824992522479,93824992522534,93824992521158,93824992521171,93824992521179,93824992521225,93824992521245,93824992521273,93824992521352,93824992521354,93824992521373,93824992521401,93824992521414,93824992521417,93824992521456,93824992521476,93824992521482,93824992521564,93824992462593,93824992462718,93824992462764,93824992464552,93824992521540,93824992521542,93824992521554,93824992462518,93824992462556,93824992462709,93824992462644,93824992462694,93824992462738,93824992462816,93824992464348,93824992462483,93824992464368,93824992464631,93824992464724,93824992464833,93824992521566],[93824992462727,93824992522227,93824992522364,93824992517906,93824992522479,93824992522534,93824992521158,93824992521171,93824992521179,93824992521225,93824992521245,93824992521273,93824993270189,93824992521352,93824992521354,93824992521373,93824992521401,93824992521414,93824992521417,93824992521456,93824992521476,93824992521482,93824992521564,93824992462556,93824992462593,93824992462709,93824992462644,93824992462694,93824992462718,93824992462764,93824992462816,93824992464552,93824992521540,93824992521542,93824992521554,93824992462518,93824992462738,93824992464348,93824992462483,93824992464368,93824992464631,93824992464724,93824992464833,93824992521566],[93824992462727,93824992522227,93824992522364,93824992517906,93824992522479,93824992522534,93824992521158,93824992521171,93824992521179,93824992521225,93824992521245,93824992521273,93824993270189,93824992521352,93824992521354,93824992521373,93824992521401,93824992521414,93824992521417,93824992521456,93824992521476,93824992521482,93824992521564,93824992462556,93824992462593,93824992462709,93824992462644,93824992462694,93824992462718,93824992462764,93824992462816,93824992464552,93824992521540,93824992521542,93824992521554,93824992462518,93824992462738,93824992464348,93824992462483,93824992464368,93824992464631,93824992464724,93824992464833,93824992521566],[93824992462727,93824992522227,93824992522364,93824992517906,93824992522479,93824992522534,93824992521158,93824992521171,93824992521179,93824992521225,93824992521245,93824992521273,93824993270189,93824992521352,93824992521354,93824992521373,93824992521401,93824992521414,93824992521417,93824992521456,93824992521476,93824992521482,93824992521564,93824992462764,93824992464368,93824992464552,93824992521540,93824992521542,93824992521554,93824992462518,93824992462556,93824992462593,93824992462709,93824992462644,93824992462694,93824992462718,93824992462738,93824992462816,93824992464348,93824992462483,93824992464631,93824992464724,93824992464833,93824992521566],[93824992462727,93824992522479,93824992522227,93824992522364,93824992517906,93824992522534,93824992521158,93824992521171,93824992521179,93824992521225,93824992521245,93824992521273,93824992521352,93824992521354,93824992521373,93824992521401,93824992521414,93824992521417,93824992521456,93824992521476,93824992521482,93824992521564,93824992462764,93824992464368,93824992464552,93824992521540,93824992521542,93824992521554,93824992462518,93824992462556,93824992462593,93824992462709,93824992462644,93824992462694,93824992462718,93824992462738,93824992462816,93824992464348,93824992462483,93824992464631,93824992464724,93824992464833,93824992521566],[93824992462727,93824992517906,93824992522479,93824992522227,93824992522364,93824992522534,93824992521158,93824992521171,93824992521179,93824992521225,93824992521245,93824992521273,93824993270189,93824992521352,93824992521354,93824992521373,93824992521401,93824992521414,93824992521417,93824992521456,93824992521476,93824992521482,93824992521564,93824992462709,93824992462644,93824992462694,93824992462764,93824992462816,93824992464552,93824992521540,93824992521542,93824992521554,93824992462518,93824992462556,93824992462593,93824992462718,93824992462738,93824992464348,93824992462483,93824992464368,93824992464631,93824992464724,93824992464833,93824992521566],[93824992462727,93824992522479,93824992522227,93824992522364,93824992517906,93824992522534,93824992521158,93824992521171,93824992521179,93824992521225,93824992521245,93824992521273,93824993270189,93824992521352,93824992521354,93824992521373,93824992521401,93824992521414,93824992521417,93824992521456,93824992521476,93824992521482,93824992521564,93824992462764,93824992464368,93824992464552,93824992521540,93824992521542,93824992521554,93824992462518,93824992462556,93824992462593,93824992462709,93824992462644,93824992462694,93824992462718,93824992462738,93824992462816,93824992464348,93824992462483,93824992464631,93824992464724,93824992464833,93824992521566],[93824992462727,93824992522227,93824992522364,93824992517906,93824992522479,93824992522534,93824992521158,93824992521171,93824992521179,93824992521225,93824992521245,93824992521273,93824993270189,93824992521352,93824992521354,93824992521373,93824992521401,93824992521414,93824992521417,93824992521456,93824992521476,93824992521482,93824992521564,93824992462518,93824992462556,93824992462593,93824992462709,93824992462644,93824992462694,93824992462718,93824992462738,93824992462764,93824992462816,93824992464552,93824992521540,93824992521542,93824992521554,93824992464348,93824992462483,93824992464368,93824992464631,93824992464724,93824992521566],[93824992462727,93824992522479,93824993270189,93824992522227,93824992522364,93824992517906,93824992522534,93824992521158,93824992521171,93824992521179,93824992521225,93824992521245,93824992521273,93824992521352,93824992521354,93824992521373,93824992521401,93824992521414,93824992521417,93824992521456,93824992521476,93824992521482,93824992521564,93824992462556,93824992462593,93824992462709,93824992462644,93824992462694,93824992462718,93824992462764,93824992462816,93824992464552,93824992521540,93824992521542,93824992521554,93824992462518,93824992462738,93824992464348,93824992462483,93824992464368,93824992464631,93824992464724,93824992464833,93824992521566],[93824992462727,93824992522227,93824992522364,93824992517906,93824992522479,93824992522534,93824992521158,93824992521171,93824992521179,93824992521225,93824992521245,93824992521273,93824993270189,93824992521352,93824992521354,93824992521373,93824992521401,93824992521414,93824992521417,93824992521456,93824992521476,93824992521482,93824992521564,93824992462556,93824992462593,93824992462709,93824992462644,93824992462694,93824992462718,93824992462764,93824992462816,93824992464552,93824992521540,93824992521542,93824992521554,93824992462518,93824992462738,93824992464348,93824992462483,93824992464368,93824992464631,93824992464724,93824992464833,93824992521566],[93824992462727,93824992522479,93824992522227,93824992522364,93824992517906,93824992522534,93824992521158,93824992521171,93824992521179,93824992521225,93824992521245,93824992521273,93824993270189,93824992521352,93824992521354,93824992521373,93824992521401,93824992521414,93824992521417,93824992521456,93824992521476,93824992521482,93824992521564,93824992462556,93824992462593,93824992462709,93824992462644,93824992462694,93824992462718,93824992462764,93824992462816,93824992464552,93824992521540,93824992521542,93824992521554,93824992462518,93824992462738,93824992464348,93824992462483,93824992464368,93824992464631,93824992464724,93824992464833,93824992521566],[93824992462727,93824992522227,93824992522364,93824992517906,93824992522479,93824992522534,93824992521158,93824992521171,93824992521179,93824992521225,93824992521245,93824992521273,93824993270189,93824992521352,93824992521354,93824992521373,93824992521401,93824992521414,93824992521417,93824992521456,93824992521476,93824992521482,93824992521564,93824992462556,93824992462593,93824992462709,93824992462644,93824992462694,93824992462718,93824992462764,93824992462816,93824992464552,93824992521540,93824992521542,93824992521554,93824992462518,93824992462738,93824992464348,93824992462483,93824992464368,93824992464631,93824992464724,93824992464833,93824992521566],[93824992462727,93824992522479,93824993270189,93824992522227,93824992522364,93824992517906,93824992522534,93824992521158,93824992521171,93824992521179,93824992521225,93824992521245,93824992521273,93824992521352,93824992521354,93824992521373,93824992521401,93824992521414,93824992521417,93824992521456,93824992521476,93824992521482,93824992521564,93824992462764,93824992464368,93824992464552,93824992521540,93824992521542,93824992521554,93824992462518,93824992462556,93824992462593,93824992462709,93824992462644,93824992462694,93824992462718,93824992462738,93824992462816,93824992464348,93824992462483,93824992464631,93824992464724,93824992464833,93824992521566],[93824992462727,93824992522479,93824992522227,93824992522364,93824992517906,93824992522534,93824992521158,93824992521171,93824992521179,93824992521225,93824992521245,93824992521273,93824993270189,93824992521352,93824992521354,93824992521373,93824992521401,93824992521414,93824992521417,93824992521456,93824992521476,93824992521482,93824992521564,93824992462764,93824992464368,93824992464552,93824992521540,93824992521542,93824992521554,93824992462518,93824992462556,93824992462593,93824992462709,93824992462644,93824992462694,93824992462718,93824992462738,93824992462816,93824992464348,93824992462483,93824992464631,93824992464724,93824992464833,93824992521566],[93824992462727,93824992522227,93824992522364,93824992517906,93824992522479,93824992522534,93824992521158,93824992521171,93824992521179,93824992521225,93824992521245,93824992521273,93824993270189,93824992521352,93824992521354,93824992521373,93824992521401,93824992521414,93824992521417,93824992521456,93824992521476,93824992521482,93824992521564,93824992462593,93824992462718,93824992462764,93824992464552,93824992521540,93824992521542,93824992521554,93824992462518,93824992462556,93824992462709,93824992462644,93824992462694,93824992462738,93824992462816,93824992464348,93824992462483,93824992464368,93824992464631,93824992464724,93824992464833,93824992521566],[93824992462727,93824992517906,93824992522479,93824992522227,93824992522364,93824992522534,93824992521158,93824992521171,93824992521179,93824992521225,93824992521245,93824992521273,93824993270189,93824992521352,93824992521354,93824992521373,93824992521401,93824992521414,93824992521417,93824992521456,93824992521476,93824992521482,93824992521564,93824992462764,93824992464368,93824992464552,93824992521540,93824992521542,93824992521554,93824992462518,93824992462556,93824992462593,93824992462709,93824992462644,93824992462694,93824992462718,93824992462738,93824992462816,93824992464348,93824992462483,93824992464631,93824992464724,93824992464833,93824992521566],[93824992462727,93824992522479,93824992522227,93824992522364,93824992517906,93824992522534,93824992521158,93824992521171,93824992521179,93824992521225,93824992521245,93824992521273,93824992521352,93824992521354,93824992521373,93824992521401,93824992521414,93824992521417,93824992521456,93824992521476,93824992521482,93824992521564,93824992462764,93824992464368,93824992464552,93824992521540,93824992521542,93824992521554,93824992462518,93824992462556,93824992462593,93824992462709,93824992462644,93824992462694,93824992462718,93824992462738,93824992462816,93824992464348,93824992462483,93824992464631,93824992464724,93824992464833,93824992521566],[93824992462727,93824992522227,93824992522364,93824992517906,93824992522479,93824992522534,93824992521158,93824992521171,93824992521179,93824992521225,93824992521245,93824992521273,93824993270189,93824992521352,93824992521354,93824992521373,93824992521401,93824992521414,93824992521417,93824992521456,93824992521476,93824992521482,93824992521564,93824992462764,93824992464368,93824992464552,93824992521540,93824992521542,93824992521554,93824992462518,93824992462556,93824992462593,93824992462709,93824992462644,93824992462694,93824992462718,93824992462738,93824992462816,93824992464348,93824992462483,93824992464631,93824992464724,93824992464833,93824992521566],[93824992462727,93824992522479,93824992522227,93824992522364,93824992517906,93824992522534,93824992521158,93824992521171,93824992521179,93824992521225,93824992521245,93824992521273,93824993270189,93824992521352,93824992521354,93824992521373,93824992521401,93824992521414,93824992521417,93824992521456,93824992521476,93824992521482,93824992521564,93824992462593,93824992462718,93824992462764,93824992464552,93824992521540,93824992521542,93824992521554,93824992462518,93824992462556,93824992462709,93824992462644,93824992462694,93824992462738,93824992462816,93824992464348,93824992462483,93824992464368,93824992464631,93824992464724,93824992464833,93824992521566],[93824992462727,93824992522227,93824992522364,93824992517906,93824992522479,93824992522534,93824992521158,93824992521171,93824992521179,93824992521225,93824992521245,93824992521273,93824993270189,93824992521352,93824992521354,93824992521373,93824992521401,93824992521414,93824992521417,93824992521456,93824992521476,93824992521482,93824992521564,93824992462518,93824992462556,93824992462593,93824992462709,93824992462644,93824992462694,93824992462718,93824992462738,93824992462764,93824992462816,93824992464552,93824992521540,93824992521542,93824992521554,93824992464348,93824992462483,93824992464368,93824992464631,93824992464724,93824992521566],[93824992462727,93824992522227,93824992522364,93824992517906,93824992522479,93824992522534,93824992521158,93824992521171,93824992521179,93824992521225,93824992521245,93824992521273,93824993270189,93824992521352,93824992521354,93824992521373,93824992521401,93824992521414,93824992521417,93824992521456,93824992521476,93824992521482,93824992521564,93824992462518,93824992462556,93824992462593,93824992462709,93824992462644,93824992462694,93824992462718,93824992462738,93824992462764,93824992462816,93824992464552,93824992521540,93824992521542,93824992521554,93824992464348,93824992462483,93824992464368,93824992464631,93824992464724,93824992521566],[93824992462727,93824992522479,93824993270189,93824992522227,93824992522364,93824992517906,93824992522534,93824992521158,93824992521171,93824992521179,93824992521225,93824992521245,93824992521273,93824992521352,93824992521354,93824992521373,93824992521401,93824992521414,93824992521417,93824992521456,93824992521476,93824992521482,93824992521564,93824992462593,93824992462718,93824992462764,93824992464552,93824992521540,93824992521542,93824992521554,93824992462518,93824992462556,93824992462709,93824992462644,93824992462694,93824992462738,93824992462816,93824992464348,93824992462483,93824992464368,93824992464631,93824992464724,93824992464833,93824992521566],[93824992462727,93824992522479,93824993270189,93824992522227,93824992522364,93824992517906,93824992522534,93824992521158,93824992521171,93824992521179,93824992521225,93824992521245,93824992521273,93824992521352,93824992521354,93824992521373,93824992521401,93824992521414,93824992521417,93824992521456,93824992521476,93824992521482,93824992521564,93824992462764,93824992464368,93824992464552,93824992521540,93824992521542,93824992521554,93824992462518,93824992462556,93824992462593,93824992462709,93824992462644,93824992462694,93824992462718,93824992462738,93824992462816,93824992464348,93824992462483,93824992464631,93824992464724,93824992464833,93824992521566],[93824992462727,93824992522479,93824992522227,93824992522364,93824992517906,93824992522534,93824992521158,93824992521171,93824992521179,93824992521225,93824992521245,93824992521273,93824993270189,93824992521352,93824992521354,93824992521373,93824992521401,93824992521414,93824992521417,93824992521456,93824992521476,93824992521482,93824992521564,93824992462764,93824992464368,93824992464552,93824992521540,93824992521542,93824992521554,93824992462518,93824992462556,93824992462593,93824992462709,93824992462644,93824992462694,93824992462718,93824992462738,93824992462816,93824992464348,93824992462483,93824992464631,93824992464724,93824992464833,93824992521566],[93824992462727,93824992522479,93824992522227,93824992522364,93824992517906,93824992522534,93824992521158,93824992521171,93824992521179,93824992521225,93824992521245,93824992521273,93824992521352,93824992521354,93824992521373,93824992521401,93824992521414,93824992521417,93824992521456,93824992521476,93824992521482,93824992521564,93824992462593,93824992462718,93824992462764,93824992464552,93824992521540,93824992521542,93824992521554,93824992462518,93824992462556,93824992462709,93824992462644,93824992462694,93824992462738,93824992462816,93824992464348,93824992462483,93824992464368,93824992464631,93824992464724,93824992464833,93824992521566],[93824992462727,93824992522364,93824992522479,93824992522227,93824992517906,93824992522534,93824992521158,93824992521171,93824992521179,93824992521225,93824992521245,93824992521273,93824992521352,93824992521354,93824992521373,93824992521401,93824992521414,93824992521417,93824992521456,93824992521476,93824992521482,93824992521564,93824992462593,93824992462718,93824992462764,93824992464552,93824992521540,93824992521542,93824992521554,93824992462518,93824992462556,93824992462709,93824992462644,93824992462694,93824992462738,93824992462816,93824992464348,93824992462483,93824992464368,93824992464631,93824992464724,93824992464833,93824992521566],[93824992462727,93824992522479,93824993270189,93824992522227,93824992522364,93824992517906,93824992522534,93824992521158,93824992521171,93824992521179,93824992521225,93824992521245,93824992521273,93824992521352,93824992521354,93824992521373,93824992521401,93824992521414,93824992521417,93824992521456,93824992521476,93824992521482,93824992521564,93824992462593,93824992462718,93824992462764,93824992464552,93824992521540,93824992521542,93824992521554,93824992462518,93824992462556,93824992462709,93824992462644,93824992462694,93824992462738,93824992462816,93824992464348,93824992462483,93824992464368,93824992464631,93824992464724,93824992464833,93824992521566],[93824992462727,93824992462518,93824992462593,93824992462718,93824992462738,93824992464368,93824992464552,93824992462764,93824992522364,93824992522479,93824992522227,93824992517906,93824992522534,93824992521158,93824992521171,93824992521179,93824992521225,93824992521245,93824992521273,93824992521352,93824992521354,93824992521373,93824992521401,93824992521414,93824992521417,93824992521456,93824992521476,93824992521482,93824992521564,93824992464833,93824992521540,93824992521542,93824992521554,93824992462556,93824992462709,93824992462644,93824992462694,93824992462816,93824992464348,93824992462483,93824992464631,93824992464724,93824992521566],[93824992462727,93824992522227,93824992522364,93824992517906,93824992522479,93824992522534,93824992521158,93824992521171,93824992521179,93824992521225,93824992521245,93824992521273,93824993270189,93824992521352,93824992521354,93824992521373,93824992521401,93824992521414,93824992521417,93824992521456,93824992521476,93824992521482,93824992521564,93824992462709,93824992462644,93824992462694,93824992462764,93824992462816,93824992464552,93824992521540,93824992521542,93824992521554,93824992464348,93824992462483,93824992462593,93824992462718,93824992464368,93824992464631,93824992464724,93824992464833,93824992521566],[93824992462727,93824992522479,93824993270189,93824992462709,93824992462644,93824992462694,93824992462764,93824992462816,93824992464552,93824992522227,93824992522364,93824992517906,93824992522534,93824992521158,93824992521171,93824992521179,93824992521225,93824992521245,93824992521273,93824992521352,93824992521354,93824992521373,93824992521401,93824992521414,93824992521417,93824992521456,93824992521476,93824992521482,93824992521564,93824992464368,93824992464833,93824992521540,93824992521542,93824992521554,93824992464348,93824992462483,93824992462593,93824992462718,93824992464631,93824992464724,93824992521566],[93824992462727,93824992522479,93824993270189,93824992462709,93824992462644,93824992462694,93824992462764,93824992462816,93824992464552,93824992464833,93824992522227,93824992522364,93824992517906,93824992522534,93824992521158,93824992521171,93824992521179,93824992521225,93824992521245,93824992521273,93824992521352,93824992521354,93824992521373,93824992521401,93824992521414,93824992521417,93824992521456,93824992521476,93824992521482,93824992521564,93824992464368,93824992521540,93824992521542,93824992521554,93824992464348,93824992462483,93824992462593,93824992462718,93824992464631,93824992464724,93824992521566],[93824992462727,93824992522227,93824992522364,93824992517906,93824992522479,93824992522534,93824992521158,93824992521171,93824992521179,93824992521225,93824992521245,93824992521273,93824993270189,93824992521352,93824992521354,93824992521373,93824992521401,93824992521414,93824992521417,93824992521456,93824992521476,93824992521482,93824992521564,93824992462709,93824992462644,93824992462694,93824992462764,93824992462816,93824992464552,93824992521540,93824992521542,93824992521554,93824992462556,93824992462593,93824992462718,93824992464348,93824992462483,93824992462518,93824992462738,93824992464368,93824992464631,93824992464724,93824992464833,93824992521566],[93824992462727,93824992522479,93824993270189,93824992522227,93824992522364,93824992517906,93824992522534,93824992521158,93824992521171,93824992521179,93824992521225,93824992521245,93824992521273,93824992521352,93824992521354,93824992521373,93824992521401,93824992521414,93824992521417,93824992521456,93824992521476,93824992521482,93824992521564,93824992462593,93824992462718,93824992462764,93824992464552,93824992521540,93824992521542,93824992521554,93824992462518,93824992462556,93824992462709,93824992462644,93824992462694,93824992462738,93824992462816,93824992464348,93824992462483,93824992464368,93824992464631,93824992464724,93824992464833,93824992521566],[93824992462727,93824992522227,93824992522364,93824992517906,93824992522479,93824992522534,93824992521158,93824992521171,93824992521179,93824992521225,93824992521245,93824992521273,93824993270189,93824992521352,93824992521354,93824992521373,93824992521401,93824992521414,93824992521417,93824992521456,93824992521476,93824992521482,93824992521564,93824992462556,93824992462593,93824992462709,93824992462644,93824992462694,93824992462718,93824992462764,93824992462816,93824992464552,93824992521540,93824992521542,93824992521554,93824992462518,93824992462738,93824992464348,93824992462483,93824992464368,93824992464631,93824992464724,93824992464833,93824992521566],[93824992462727,93824992522227,93824992522364,93824992517906,93824992522479,93824992522534,93824992521158,93824992521171,93824992521179,93824992521225,93824992521245,93824992521273,93824993270189,93824992521352,93824992521354,93824992521373,93824992521401,93824992521414,93824992521417,93824992521456,93824992521476,93824992521482,93824992521564,93824992462556,93824992462593,93824992462709,93824992462644,93824992462694,93824992462718,93824992462764,93824992462816,93824992464552,93824992521540,93824992521542,93824992521554,93824992462518,93824992462738,93824992464348,93824992462483,93824992464368,93824992464631,93824992464724,93824992464833,93824992521566],[93824992462727,93824992522227,93824992522364,93824992517906,93824992522479,938249